24 22 
24 153 
24 143 
24 173 
24 80 
24 39 
51 128 
51 27 
51 105 
51 82 
51 175 
51 78 
51 70 
51 89 
51 147 
51 5 
51 46 
51 178 
51 56 
51 157 
51 107 
51 37 
51 73 
51 153 
51 67 
51 145 
51 94 
51 66 
51 4 
60 140 
60 155 
60 78 
60 22 
60 165 
60 65 
60 162 
60 6 
60 97 
60 114 
60 56 
60 157 
60 74 
60 29 
60 81 
60 99 
60 169 
60 173 
60 180 
63 34 
63 51 
63 167 
63 27 
63 140 
63 33 
63 82 
63 58 
63 124 
63 136 
63 163 
63 89 
63 103 
63 65 
63 129 
63 79 
63 6 
63 147 
63 170 
63 46 
63 11 
63 93 
63 148 
63 38 
63 178 
63 109 
63 72 
63 98 
63 181 
63 95 
63 9 
63 107 
63 146 
63 96 
63 133 
63 144 
63 126 
63 73 
63 112 
63 67 
63 145 
63 94 
63 85 
63 158 
63 21 
63 12 
66 154 
66 51 
66 128 
66 27 
66 140 
66 105 
66 82 
66 78 
66 163 
66 147 
66 46 
66 178 
66 56 
66 57 
66 53 
66 157 
66 107 
66 146 
66 96 
66 126 
66 153 
66 67 
66 112 
66 123 
66 4 
92 75 
92 27 
92 155 
92 33 
92 172 
92 58 
92 165 
92 65 
92 162 
92 38 
92 114 
92 160 
92 9 
92 133 
92 96 
92 29 
92 110 
92 112 
92 145 
92 81 
92 169 
92 123 
92 50 
92 17 
92 12 
99 78 
99 22 
99 91 
99 126 
99 29 
99 60 
99 165 
99 70 
99 140 
99 155 
99 50 
99 162 
99 6 
124 25 
124 103 
124 167 
124 170 
124 98 
124 177 
124 8 
124 151 
124 108 
124 23 
124 95 
124 63 
124 158 
124 113 
137 22 
137 60 
137 114 
137 97 
137 56 
137 105 
137 175 
137 141 
140 176 
140 143 
140 167 
140 27 
140 161 
140 82 
140 58 
140 78 
140 59 
140 163 
140 65 
140 63 
140 6 
140 46 
140 120 
140 93 
140 148 
140 164 
140 132 
140 62 
140 114 
140 56 
140 19 
140 157 
140 146 
140 118 
140 126 
140 153 
140 145 
140 173 
140 115 
140 84 
140 47 
140 4 
145 51 
145 128 
145 2 
145 27 
145 155 
145 140 
145 111 
145 105 
145 82 
145 175 
145 58 
145 163 
145 65 
145 63 
145 129 
145 147 
145 46 
145 11 
145 38 
145 178 
145 114 
145 57 
145 95 
145 92 
145 107 
145 146 
145 96 
145 157 
145 126 
145 110 
145 112 
145 169 
145 50 
145 123 
163 51 
163 128 
163 27 
163 140 
163 161 
163 111 
163 82 
163 58 
163 59 
163 65 
163 63 
163 147 
163 178 
163 148 
163 109 
163 57 
163 151 
163 12 
163 157 
163 107 
163 146 
163 37 
163 74 
163 126 
163 112 
163 67 
163 145 
163 123 
163 94 
163 158 
163 66 
167 34 
167 176 
167 121 
167 140 
167 44 
167 33 
167 23 
167 36 
167 58 
167 40 
167 35 
167 124 
167 103 
167 101 
167 16 
167 63 
167 108 
167 86 
167 6 
167 39 
167 125 
167 132 
167 62 
167 41 
167 151 
167 95 
167 133 
167 146 
167 77 
167 118 
167 25 
167 126 
167 122 
167 76 
167 171 
167 50 
167 32 
167 64 
167 85 
167 149 
167 158 
167 21 
169 60 
169 155 
169 82 
169 36 
169 127 
169 172 
169 78 
169 22 
169 165 
169 163 
169 65 
169 129 
169 162 
169 6 
169 46 
169 11 
169 38 
169 114 
169 83 
169 151 
169 160 
169 92 
169 107 
169 96 
169 133 
169 29 
169 110 
169 153 
169 112 
169 145 
169 123 
169 21 
169 66 
169 4 
178 51 
178 27 
178 161 
178 105 
178 82 
178 23 
178 58 
178 78 
178 70 
178 163 
178 147 
178 46 
178 7 
178 109 
178 56 
178 53 
178 98 
178 177 
178 96 
178 146 
178 107 
178 153 
178 112 
178 67 
178 94 
178 180 
178 158 
178 66 
178 4 
114 155 
114 36 
114 58 
114 78 
114 22 
114 165 
114 163 
114 65 
114 162 
114 11 
114 38 
114 83 
114 53 
114 160 
114 92 
114 107 
114 146 
114 139 
114 37 
114 29 
114 110 
114 112 
114 145 
114 169 
114 123 
114 50 
114 4 
123 51 
123 159 
123 82 
123 23 
123 66 
123 163 
123 65 
123 49 
123 5 
123 38 
123 114 
123 72 
123 57 
123 107 
123 37 
123 73 
123 112 
123 153 
123 145 
123 169 
123 12 
123 4 
112 51 
112 128 
112 27 
112 155 
112 111 
112 105 
112 82 
112 58 
112 22 
112 165 
112 163 
112 65 
112 162 
112 147 
112 38 
112 178 
112 114 
112 57 
112 160 
112 92 
112 96 
112 146 
112 107 
112 69 
112 29 
112 110 
112 145 
112 169 
112 123 
112 50 
112 66 
112 4 
65 22 
65 38 
65 110 
65 29 
65 112 
65 92 
65 114 
65 145 
65 27 
65 169 
65 140 
65 155 
65 50 
65 123 
65 160 
65 6 
65 17 
65 157 
38 51 
38 27 
38 111 
38 82 
38 172 
38 58 
38 35 
38 163 
38 65 
38 162 
38 11 
38 114 
38 83 
38 92 
38 96 
38 146 
38 144 
38 37 
38 133 
38 107 
38 110 
38 112 
38 145 
38 169 
38 123 
38 50 
38 21 
38 12 
155 60 
155 127 
155 172 
155 78 
155 165 
155 101 
155 65 
155 162 
155 6 
155 15 
155 11 
155 38 
155 114 
155 160 
155 92 
155 157 
155 96 
155 133 
155 29 
155 110 
155 145 
155 99 
155 169 
155 123 
22 176 
22 60 
22 143 
22 106 
22 65 
22 6 
22 39 
22 164 
22 114 
22 97 
22 56 
22 160 
22 29 
22 145 
22 99 
22 169 
22 115 
22 50 
22 137 
22 168 
160 22 
160 29 
160 60 
160 114 
160 10 
160 169 
160 155 
160 65 
160 166 
107 34 
107 51 
107 174 
107 128 
107 159 
107 119 
107 27 
107 140 
107 155 
107 105 
107 82 
107 149 
107 23 
107 127 
107 106 
107 172 
107 58 
107 78 
107 43 
107 70 
107 163 
107 89 
107 10 
107 101 
107 183 
107 65 
107 63 
107 129 
107 6 
107 49 
107 147 
107 46 
107 5 
107 1 
107 125 
107 38 
107 178 
107 7 
107 93 
107 148 
107 114 
107 72 
107 56 
107 83 
107 53 
107 181 
107 139 
107 157 
107 96 
107 92 
107 146 
107 37 
107 133 
107 126 
107 110 
107 73 
107 112 
107 67 
107 145 
107 153 
107 116 
107 169 
107 173 
107 115 
107 123 
107 84 
107 50 
107 94 
107 85 
107 137 
107 21 
107 66 
107 4 
50 75 
50 174 
50 60 
50 167 
50 155 
50 33 
50 36 
50 172 
50 22 
50 68 
50 70 
50 65 
50 162 
50 6 
50 170 
50 38 
50 168 
50 114 
50 107 
50 37 
50 29 
50 112 
50 145 
50 81 
50 99 
50 169 
50 115 
50 123 
50 171 
50 17 
165 69 
165 29 
165 110 
165 60 
165 114 
165 99 
165 169 
165 155 
165 50 
165 12 
165 162 
165 17 
165 92 
29 176 
29 174 
29 60 
29 106 
29 172 
29 22 
29 68 
29 165 
29 10 
29 65 
29 102 
29 162 
29 6 
29 49 
29 1 
29 97 
29 160 
29 92 
29 157 
29 110 
29 99 
29 115 
29 50 
29 171 
29 168 
17 75 
17 143 
17 2 
17 90 
17 155 
17 175 
17 26 
17 45 
17 172 
17 22 
17 10 
17 166 
17 65 
17 49 
17 24 
17 97 
17 56 
17 179 
17 182 
17 151 
17 3 
17 95 
17 157 
17 92 
17 134 
17 116 
17 81 
17 88 
17 84 
17 156 
157 154 
157 176 
157 159 
157 2 
157 143 
157 90 
157 140 
157 155 
157 27 
157 105 
157 82 
157 127 
157 80 
157 45 
157 172 
157 78 
157 70 
157 43 
157 10 
157 101 
157 183 
157 166 
157 156 
157 65 
157 46 
157 1 
157 56 
157 179 
157 3 
157 139 
157 107 
157 96 
157 126 
157 29 
157 153 
157 81 
157 173 
157 88 
157 84 
157 85 
157 180 
157 17 
157 66 
95 31 
95 167 
95 27 
95 161 
95 8 
95 33 
95 23 
95 113 
95 124 
95 103 
95 108 
95 100 
95 170 
95 24 
95 98 
95 177 
95 151 
95 25 
95 145 
95 122 
95 94 
95 17 
95 158 
146 34 
146 51 
146 128 
146 27 
146 140 
146 161 
146 82 
146 58 
146 59 
146 163 
146 65 
146 63 
146 147 
146 5 
146 178 
146 114 
146 57 
146 53 
146 181 
146 12 
146 107 
146 96 
146 133 
146 37 
146 73 
146 112 
146 67 
146 145 
146 94 
146 66 
110 38 
110 29 
110 165 
110 114 
110 169 
110 155 
110 50 
110 162 
110 147 
110 172 
110 107 
58 51 
58 167 
58 27 
58 140 
58 82 
58 163 
58 65 
58 63 
58 6 
58 38 
58 178 
58 148 
58 93 
58 109 
58 114 
58 56 
58 53 
58 157 
58 96 
58 146 
58 107 
58 37 
58 126 
58 112 
58 145 
58 158 
58 12 
39 75 
39 167 
39 130 
39 26 
39 61 
39 22 
39 68 
39 70 
39 14 
39 15 
39 1 
39 62 
39 24 
39 139 
39 141 
39 134 
39 118 
39 126 
39 116 
39 173 
153 75 
153 121 
153 27 
153 82 
153 36 
153 127 
153 70 
153 10 
153 101 
153 86 
153 49 
153 147 
153 46 
153 93 
153 38 
153 24 
153 114 
153 72 
153 54 
153 37 
153 67 
153 76 
153 171 
153 32 
153 149 
153 4 
153 105 
153 130 
153 61 
153 68 
153 43 
153 163 
153 5 
153 125 
153 132 
153 62 
153 41 
153 107 
153 73 
153 116 
153 64 
153 52 
153 94 
153 66 
153 128 
153 60 
153 143 
153 159 
153 138 
153 26 
153 175 
153 45 
153 80 
153 89 
153 183 
153 100 
153 7 
153 18 
153 53 
153 181 
153 151 
153 157 
153 133 
153 126 
153 85 
153 156 
153 51 
153 90 
153 167 
153 161 
153 87 
153 106 
153 40 
153 78 
153 102 
153 6 
153 39 
153 1 
153 178 
153 57 
153 141 
153 74 
153 77 
153 47 
153 21 
33 167 
33 161 
33 8 
33 23 
33 58 
33 124 
33 103 
33 163 
33 63 
33 108 
33 170 
33 38 
33 109 
33 114 
33 57 
33 98 
33 151 
33 177 
33 95 
33 92 
33 146 
33 37 
33 25 
33 112 
33 169 
33 122 
33 115 
33 50 
33 158 
33 12 
98 124 
98 25 
98 31 
98 178 
98 128 
98 103 
98 72 
98 170 
98 161 
98 177 
98 151 
98 33 
98 8 
98 108 
98 23 
98 95 
98 158 
98 113 
11 51 
11 27 
11 155 
11 140 
11 78 
11 22 
11 70 
11 165 
11 163 
11 65 
11 129 
11 162 
11 46 
11 38 
11 114 
11 56 
11 160 
11 157 
11 96 
11 92 
11 29 
11 112 
11 153 
11 145 
11 169 
11 173 
11 50 
11 123 
82 75 
82 27 
82 36 
82 127 
82 70 
82 136 
82 10 
82 101 
82 16 
82 166 
82 129 
82 86 
82 49 
82 147 
82 46 
82 93 
82 164 
82 72 
82 54 
82 9 
82 37 
82 118 
82 112 
82 67 
82 76 
82 32 
82 149 
82 137 
82 4 
82 119 
82 2 
82 105 
82 61 
82 58 
82 59 
82 43 
82 163 
82 5 
82 125 
82 62 
82 132 
82 97 
82 179 
82 139 
82 107 
82 116 
82 64 
82 94 
82 66 
82 154 
82 176 
82 128 
82 159 
82 143 
82 140 
82 175 
82 45 
82 89 
82 183 
82 79 
82 83 
82 56 
82 53 
82 18 
82 182 
82 181 
82 151 
82 3 
82 157 
82 96 
82 146 
82 133 
82 126 
82 153 
82 85 
82 17 
82 156 
82 51 
82 161 
82 23 
82 106 
82 78 
82 40 
82 65 
82 102 
82 6 
82 39 
82 1 
82 120 
82 178 
82 30 
82 148 
82 57 
82 74 
82 173 
82 88 
82 123 
82 84 
82 47 
82 21 
151 124 
151 31 
151 73 
151 153 
151 67 
151 103 
151 169 
151 161 
151 170 
151 98 
151 177 
151 33 
151 8 
151 108 
151 23 
151 95 
151 158 
151 113 
143 59 
143 176 
143 118 
143 164 
143 126 
143 62 
143 24 
143 140 
143 171 
143 19 
143 47 
143 17 
143 150 
16 138 
16 140 
16 82 
16 6 
16 49 
16 120 
16 125 
16 93 
16 164 
16 132 
16 62 
16 83 
16 19 
16 96 
16 118 
16 126 
16 116 
16 84 
16 47 
16 64 
16 85 
16 149 
16 32 
53 178 
53 7 
53 72 
53 4 
53 183 
53 82 
53 133 
53 107 
158 34 
158 167 
158 161 
158 33 
158 23 
158 58 
158 124 
158 103 
158 163 
158 63 
158 108 
158 170 
158 109 
158 114 
158 98 
158 151 
158 177 
158 95 
158 107 
158 146 
158 25 
158 73 
109 146 
109 107 
109 178 
109 163 
109 63 
109 157 
109 58 
177 124 
177 25 
177 103 
177 167 
177 170 
177 161 
177 98 
177 151 
177 33 
177 8 
177 23 
177 95 
177 158 
177 113 
46 78 
46 51 
46 153 
46 10 
46 27 
46 56 
46 140 
46 76 
46 16 
46 82 
46 64 
46 32 
46 66 
46 107 
141 137 
141 118 
141 59 
141 176 
141 60 
141 90 
141 132 
141 97 
141 116 
141 41 
141 3 
141 26 
141 49 
141 39 
141 61 
67 34 
67 51 
67 128 
67 27 
67 161 
67 82 
67 33 
67 23 
67 163 
67 89 
67 6 
67 147 
67 5 
67 114 
67 72 
67 57 
67 53 
67 151 
67 107 
67 146 
67 37 
67 74 
67 133 
67 73 
67 153 
67 115 
67 94 
67 158 
67 4 
139 78 
139 157 
139 176 
139 126 
139 114 
139 10 
139 101 
139 156 
139 39 
139 66 
139 107 
105 27 
105 82 
105 127 
105 172 
105 20 
105 136 
105 101 
105 16 
105 129 
105 15 
105 49 
105 147 
105 46 
105 38 
105 93 
105 114 
105 72 
105 54 
105 37 
105 118 
105 112 
105 67 
105 32 
105 55 
105 149 
105 4 
105 2 
105 61 
105 43 
105 163 
105 5 
105 125 
105 62 
105 179 
105 19 
105 107 
105 73 
105 169 
105 0 
105 64 
105 94 
105 66 
105 34 
105 128 
105 159 
105 80 
105 89 
105 183 
105 83 
105 56 
105 53 
105 181 
105 151 
105 152 
105 157 
105 96 
105 146 
105 69 
105 133 
105 126 
105 110 
105 153 
105 85 
105 51 
105 167 
105 161 
105 23 
105 106 
105 78 
105 40 
105 35 
105 6 
105 39 
105 1 
105 178 
105 30 
105 57 
105 173 
105 88 
105 123 
105 84 
105 47 
105 48 
105 21 
88 17 
96 27 
96 105 
96 82 
96 58 
96 86 
96 79 
96 46 
96 125 
96 38 
96 178 
96 30 
96 18 
96 53 
96 9 
96 107 
96 146 
96 112 
96 153 
96 145 
96 4 
27 154 
27 51 
27 128 
27 140 
27 161 
27 82 
27 23 
27 58 
27 78 
27 70 
27 163 
27 63 
27 129 
27 6 
27 147 
27 46 
27 38 
27 178 
27 7 
27 83 
27 56 
27 57 
27 157 
27 96 
27 146 
27 107 
27 112 
27 153 
27 145 
27 67 
27 173 
27 123 
27 84 
27 94 
27 21 
27 66 
176 143 
176 167 
176 140 
176 59 
176 102 
176 49 
176 39 
176 46 
176 120 
176 93 
176 164 
176 62 
176 24 
176 114 
176 132 
176 134 
176 118 
176 126 
176 116 
176 99 
176 169 
176 47 
40 121 
40 125 
40 169 
40 18 
166 160 
166 17 
78 154 
78 51 
78 159 
78 2 
78 167 
78 140 
78 105 
78 82 
78 36 
78 127 
78 80 
78 45 
78 70 
78 43 
78 89 
78 10 
78 101 
78 65 
78 49 
78 147 
78 46 
78 5 
78 1 
78 178 
78 56 
78 41 
78 139 
78 107 
78 157 
78 96 
78 133 
78 126 
78 67 
78 99 
78 84 
78 168 
78 66 
78 4 
47 118 
47 126 
47 164 
47 62 
47 61 
125 40 
125 83 
125 18 
125 64 
125 133 
125 149 
125 85 
125 96 
97 22 
97 75 
97 29 
97 60 
97 116 
97 56 
97 137 
97 106 
97 54 
156 114 
156 101 
156 36 
156 17 
156 157 
7 178 
7 27 
7 161 
7 76 
7 53 
7 32 
7 94 
7 149 
7 21 
7 96 
90 176 
90 174 
90 119 
90 2 
90 159 
90 130 
90 26 
90 45 
90 61 
90 43 
90 14 
90 136 
90 89 
90 10 
90 16 
90 183 
90 102 
90 6 
90 15 
90 49 
90 39 
90 1 
90 120 
90 93 
90 148 
90 62 
90 97 
90 41 
90 179 
90 182 
90 54 
90 157 
90 141 
90 118 
90 126 
90 81 
90 88 
90 115 
90 84 
90 47 
90 17 
80 140 
80 82 
80 36 
80 127 
80 45 
80 78 
80 10 
80 101 
80 49 
80 93 
80 7 
80 24 
80 72 
80 56 
80 41 
80 179 
80 139 
80 157 
80 116 
80 81 
80 84 
80 4 
147 51 
147 128 
147 27 
147 82 
147 163 
147 183 
147 5 
147 178 
147 72 
147 57 
147 181 
147 107 
147 37 
147 74 
147 153 
147 112 
147 145 
147 94 
147 158 
147 66 
147 4 
4 51 
4 159 
4 105 
4 82 
4 26 
4 127 
4 80 
4 45 
4 78 
4 70 
4 89 
4 10 
4 101 
4 6 
4 5 
4 1 
4 114 
4 53 
4 41 
4 179 
4 181 
4 157 
4 96 
4 107 
4 153 
4 169 
4 84 
4 85 
4 21 
74 51 
74 128 
74 27 
74 161 
74 105 
74 82 
74 23 
74 78 
74 163 
74 89 
74 147 
74 5 
74 72 
74 57 
74 177 
74 151 
74 181 
74 107 
74 146 
74 37 
74 69 
74 73 
74 153 
74 67 
74 123 
74 94 
74 66 
74 4 
128 51 
128 27 
128 161 
128 105 
128 82 
128 23 
128 113 
128 163 
128 147 
128 5 
128 178 
128 57 
128 53 
128 107 
128 37 
128 69 
128 74 
128 73 
128 153 
128 112 
128 67 
128 94 
128 66 
128 4 
118 176 
118 174 
118 119 
118 143 
118 90 
118 167 
118 140 
118 130 
118 61 
118 59 
118 16 
118 102 
118 39 
118 120 
118 164 
118 148 
118 93 
118 62 
118 24 
118 132 
118 41 
118 19 
118 141 
118 134 
118 126 
118 116 
118 47 
26 126 
26 90 
26 167 
26 56 
26 41 
26 115 
26 171 
26 36 
26 80 
26 61 
26 141 
126 75 
126 176 
126 119 
126 143 
126 159 
126 90 
126 167 
126 140 
126 82 
126 130 
126 26 
126 61 
126 172 
126 78 
126 59 
126 136 
126 89 
126 101 
126 16 
126 65 
126 102 
126 129 
126 6 
126 49 
126 39 
126 1 
126 120 
126 93 
126 148 
126 164 
126 132 
126 62 
126 83 
126 56 
126 179 
126 19 
126 139 
126 107 
126 157 
126 134 
126 118 
126 116 
126 99 
126 115 
126 47 
126 85 
126 66 
56 154 
56 60 
56 90 
56 140 
56 82 
56 175 
56 26 
56 78 
56 22 
56 65 
56 49 
56 46 
56 109 
56 97 
56 3 
56 157 
56 107 
56 126 
56 116 
56 84 
56 137 
56 66 
59 176 
59 118 
59 164 
59 126 
59 143 
59 2 
59 132 
59 140 
59 19 
59 6 
3 118 
3 56 
3 140 
148 126 
148 119 
148 30 
148 82 
148 63 
148 129 
86 32 
86 77 
86 64 
86 121 
41 78 
41 90 
41 14 
41 167 
41 101 
41 130 
41 36 
41 26 
41 127 
41 80 
41 141 
41 4 
103 124 
103 25 
103 167 
103 170 
103 98 
103 33 
103 177 
103 8 
103 108 
103 23 
103 95 
103 151 
103 158 
103 113 
36 78 
36 134 
36 15 
36 49 
36 167 
36 101 
36 169 
36 41 
36 82 
36 127 
36 80 
36 4 
175 51 
175 97 
175 56 
175 82 
175 94 
113 124 
113 25 
113 128 
113 103 
113 98 
113 151 
113 177 
113 8 
113 95 
113 100 
113 170 
115 34 
115 22 
115 134 
115 174 
115 126 
115 164 
115 62 
115 90 
115 167 
115 99 
115 140 
115 171 
115 50 
115 47 
115 6 
70 75 
70 51 
70 27 
70 82 
70 172 
70 22 
70 68 
70 43 
70 101 
70 15 
70 39 
70 1 
70 157 
70 107 
70 67 
70 99 
70 173 
70 50 
70 94 
162 60 
162 140 
162 155 
162 106 
162 172 
162 165 
162 183 
162 17 
162 38 
162 30 
162 114 
162 53 
162 92 
162 133 
162 29 
162 110 
162 99 
162 169 
162 50 
162 85 
162 168 
162 21 
154 157 
154 10 
154 27 
154 80 
154 66 
154 107 
25 124 
25 103 
25 167 
25 170 
25 98 
25 177 
25 8 
25 108 
25 95 
25 158 
25 113 
6 34 
6 176 
6 174 
6 159 
6 27 
6 140 
6 82 
6 26 
6 113 
6 78 
6 22 
6 59 
6 136 
6 89 
6 16 
6 102 
6 63 
6 46 
6 1 
6 93 
6 157 
6 107 
6 126 
6 99 
6 115 
6 50 
6 171 
6 84 
6 149 
6 168 
32 77 
32 35 
32 121 
32 28 
32 38 
32 7 
32 44 
32 16 
32 64 
32 86 
32 149 
32 85 
32 100 
32 21 
32 133 
19 59 
19 148 
19 83 
19 84 
19 9 
180 78 
180 157 
180 120 
180 70 
180 178 
180 49 
180 56 
180 140 
180 173 
180 99 
180 82 
180 80 
180 46 
180 96 
116 176 
116 159 
116 130 
116 59 
116 10 
116 16 
116 49 
116 39 
116 46 
116 164 
116 97 
116 56 
116 54 
116 157 
116 141 
116 139 
116 118 
116 126 
116 47 
101 78 
101 157 
101 134 
101 126 
101 46 
101 153 
101 167 
101 140 
101 56 
101 41 
101 4 
101 82 
101 36 
101 127 
101 80 
101 139 
101 107 
171 134 
171 174 
171 29 
171 62 
171 115 
171 50 
171 6 
81 80 
81 10 
81 88 
81 50 
81 180 
81 17 
81 157 
57 69 
57 74 
57 37 
57 51 
57 112 
57 67 
57 145 
57 163 
57 161 
57 123 
57 33 
57 94 
57 23 
57 113 
57 12 
84 159 
84 90 
84 2 
84 82 
84 127 
84 80 
84 45 
84 78 
84 43 
84 10 
84 16 
84 6 
84 49 
84 93 
84 83 
84 179 
84 157 
84 116 
84 81 
84 88 
84 85 
84 149 
84 4 
2 144 
2 154 
2 43 
2 10 
2 88 
2 166 
2 156 
2 50 
2 17 
2 139 
2 157 
48 131 
48 91 
48 20 
48 13 
48 55 
48 79 
48 152 
48 9 
23 51 
23 124 
23 158 
23 103 
23 161 
23 98 
23 151 
23 177 
23 33 
23 94 
23 95 
23 170 
161 51 
161 128 
161 82 
161 33 
161 23 
161 113 
161 124 
161 103 
161 163 
161 108 
161 147 
161 7 
161 178 
161 56 
161 57 
161 177 
161 151 
161 98 
161 95 
161 157 
161 96 
161 73 
161 153 
161 67 
161 94 
161 158 
161 66 
161 4 
132 176 
132 119 
132 90 
132 143 
132 159 
132 167 
132 140 
132 130 
132 36 
132 26 
132 45 
132 61 
132 59 
132 136 
132 89 
132 101 
132 16 
132 102 
132 6 
132 39 
132 120 
132 93 
132 164 
132 148 
132 62 
132 41 
132 3 
132 54 
132 141 
132 157 
132 134 
132 118 
132 126 
132 99 
132 47 
13 131 
13 91 
13 148 
13 30 
13 119 
13 142 
13 129 
13 55 
13 104 
13 79 
13 9 
79 131 
79 91 
79 125 
79 38 
79 148 
79 99 
79 142 
79 32 
79 152 
91 131 
91 20 
91 148 
91 30 
91 119 
91 13 
91 99 
91 142 
91 183 
91 104 
91 129 
91 55 
91 48 
91 79 
91 152 
91 9 
62 118 
62 176 
62 164 
62 126 
62 93 
62 132 
62 148 
62 90 
62 167 
62 140 
62 159 
62 171 
62 82 
62 47 
62 180 
62 26 
55 131 
55 91 
55 30 
55 13 
55 48 
55 104 
55 9 
142 131 
142 91 
142 148 
142 55 
142 104 
142 79 
108 124 
108 25 
108 103 
108 167 
108 170 
108 161 
108 98 
108 33 
108 177 
108 8 
108 151 
108 23 
108 158 
108 113 
76 16 
76 53 
76 85 
76 149 
76 133 
100 77 
100 25 
100 7 
100 98 
100 32 
100 86 
100 95 
100 113 
77 35 
77 7 
77 44 
77 32 
77 86 
77 100 
49 93 
49 159 
49 97 
49 65 
49 130 
49 36 
49 107 
127 78 
127 43 
127 99 
127 101 
127 80 
120 134 
120 68 
120 176 
120 126 
120 93 
120 62 
120 132 
120 89 
120 136 
120 140 
120 90 
120 180 
120 15 
120 49 
120 61 
83 42 
83 51 
83 126 
83 159 
83 16 
83 19 
83 82 
83 84 
83 5 
83 107 
131 13 
131 9 
131 104 
93 134 
93 120 
93 126 
93 159 
93 90 
93 89 
93 72 
93 82 
93 49 
93 61 
93 107 
30 91 
30 148 
30 119 
30 13 
30 142 
30 183 
30 55 
30 129 
30 9 
173 65 
173 82 
1 75 
1 68 
1 70 
1 43 
1 159 
1 88 
1 82 
1 15 
1 39 
1 157 
1 107 
104 91 
104 30 
104 13 
104 55 
104 9 
9 131 
9 91 
9 121 
9 30 
9 13 
9 119 
9 83 
9 142 
9 0 
9 104 
9 55 
9 129 
9 48 
9 152 
9 20 
9 92 
134 34 
134 75 
134 176 
134 174 
134 119 
134 167 
134 36 
134 127 
134 61 
134 58 
134 136 
134 89 
134 101 
134 102 
134 39 
134 120 
134 93 
134 148 
134 132 
134 62 
134 118 
134 126 
134 171 
134 115 
134 47 
134 17 
94 34 
94 51 
94 128 
94 159 
94 90 
94 27 
94 161 
94 82 
94 23 
94 36 
94 130 
94 61 
94 78 
94 89 
94 183 
94 102 
94 129 
94 86 
94 6 
94 15 
94 147 
94 5 
94 42 
94 1 
94 120 
94 7 
94 62 
94 132 
94 83 
94 72 
94 57 
94 41 
94 53 
94 19 
94 179 
94 151 
94 157 
94 107 
94 133 
94 69 
94 131 
94 118 
94 134 
94 146 
94 126 
94 37 
94 73 
94 153 
94 67 
94 115 
94 123 
94 32 
94 85 
94 21 
94 4 
159 51 
159 105 
159 82 
159 175 
159 106 
159 45 
159 172 
159 78 
159 14 
159 89 
159 49 
159 1 
159 62 
159 97 
159 54 
159 157 
159 133 
159 107 
159 126 
159 116 
159 123 
168 36 
168 22 
168 29 
168 126 
168 119 
168 136 
168 65 
168 50 
168 160 
168 6 
168 15 
68 1 
68 50 
68 15 
68 39 
68 172 
149 96 
15 75 
15 1 
15 120 
15 68 
15 70 
15 36 
15 39 
64 121 
64 125 
64 16 
64 76 
64 32 
89 176 
89 51 
89 159 
89 90 
89 82 
89 36 
89 58 
89 136 
89 102 
89 63 
89 6 
89 1 
89 120 
89 93 
89 62 
89 54 
89 157 
89 118 
89 126 
89 47 
89 12 
75 134 
75 22 
75 1 
75 50 
75 17 
75 39 
75 92 
130 159 
130 90 
130 2 
130 45 
130 61 
130 172 
130 43 
130 14 
130 89 
130 10 
130 49 
130 39 
130 148 
130 132 
130 97 
130 41 
130 179 
130 182 
130 157 
130 118 
130 126 
130 116 
130 81 
130 88 
130 84 
130 17 
138 35 
138 77 
138 100 
138 7 
61 118 
61 126 
61 62 
61 47 
61 130 
61 6 
10 81 
10 101 
10 179 
10 45 
10 84 
10 156 
10 157 
129 93 
129 126 
129 119 
129 21 
129 133 
133 34 
133 51 
133 121 
133 159 
133 167 
133 105 
133 82 
133 58 
133 78 
133 35 
133 16 
133 183 
133 129 
133 162 
133 147 
133 125 
133 38 
133 83 
133 72 
133 53 
133 151 
133 92 
133 107 
133 146 
133 134 
133 37 
133 76 
133 64 
133 32 
133 85 
133 149 
133 21 
133 4 
85 40 
85 37 
85 51 
85 1 
85 125 
85 126 
85 159 
85 89 
85 16 
85 4 
85 53 
85 32 
85 82 
85 149 
85 49 
85 21 
85 157 
85 133 
5 78 
5 37 
5 107 
5 51 
5 128 
5 73 
5 67 
5 83 
5 72 
5 82 
5 94 
5 147 
5 4 
72 51 
72 161 
72 82 
72 147 
72 5 
72 93 
72 178 
72 57 
72 53 
72 98 
72 133 
72 107 
72 74 
72 73 
72 153 
72 67 
72 169 
72 123 
72 4 
69 22 
69 38 
69 112 
69 165 
69 57 
69 8 
69 123 
69 172 
69 12 
35 77 
35 7 
35 138 
35 44 
35 76 
35 149 
35 21 
45 78 
45 43 
45 159 
45 10 
45 84 
45 80 
8 124 
8 112 
8 103 
8 27 
8 65 
8 33 
8 98 
8 151 
8 108 
8 95 
8 170 
8 113 
121 40 
121 148 
121 13 
121 18 
121 183 
121 32 
121 64 
121 86 
121 9 
121 133 
119 126 
119 93 
119 148 
119 132 
119 89 
119 129 
44 35 
12 146 
12 37 
12 34 
12 107 
12 38 
12 73 
12 163 
12 57 
12 123 
12 33 
12 63 
12 82 
12 147 
12 172 
12 58 
152 91 
152 30 
152 0 
152 9 
152 48 
152 20 
136 172 
136 118 
136 120 
136 176 
136 93 
136 126 
136 73 
136 132 
136 62 
136 89 
136 99 
136 102 
136 82 
136 63 
136 47 
136 6 
136 61 
172 37 
172 29 
172 38 
172 126 
172 50 
172 151 
172 12 
172 106 
172 147 
172 92 
172 107 
20 13 
20 55 
20 0 
20 9 
37 34 
37 51 
37 27 
37 155 
37 105 
37 8 
37 82 
37 33 
37 172 
37 165 
37 162 
37 38 
37 57 
37 92 
37 107 
37 69 
37 74 
37 29 
37 110 
37 73 
37 169 
37 123 
37 50 
37 85 
37 12 
34 51 
34 167 
34 27 
34 82 
34 172 
34 63 
34 38 
34 30 
34 72 
34 181 
34 133 
34 146 
34 37 
34 134 
34 144 
34 107 
34 28 
34 73 
34 158 
34 21 
34 12 
73 34 
73 51 
73 128 
73 27 
73 161 
73 105 
73 82 
73 89 
73 63 
73 147 
73 5 
73 38 
73 72 
73 57 
73 181 
73 133 
73 146 
73 37 
73 107 
73 153 
73 123 
73 94 
73 158 
73 12 
183 28 
183 107 
183 38 
183 30 
183 153 
183 90 
183 83 
183 41 
183 53 
183 82 
183 32 
183 85 
183 149 
183 162 
183 15 
183 49 
183 21 
183 133 
14 159 
14 90 
14 41 
14 130 
14 172 
28 34 
28 107 
28 121 
28 153 
28 83 
28 183 
28 32 
28 133 
21 34 
21 7 
21 76 
21 149 
21 133 
18 40 
18 121 
18 32 
18 64 
18 86 
174 134 
174 29 
174 62 
174 115 
174 50 
174 171 
174 47 
174 6 
170 124 
170 25 
170 103 
170 177 
170 33 
170 98 
170 8 
170 100 
170 158 
170 113 
106 43 
106 49 
106 29 
106 107 
182 90 
182 136 
182 17 
182 94 
43 78 
43 1 
43 51 
43 70 
43 159 
43 10 
43 82 
43 84 
43 175 
43 127 
43 45 
43 157 
43 107 
102 176 
102 118 
102 126 
102 62 
102 136 
102 90 
102 99 
102 47 
102 6 
179 43 
179 49 
179 136 
179 84 
179 36 
179 80 
181 146 
181 51 
181 153 
181 82 
181 147 
181 107 
54 49 
54 51 
144 34 
144 63 
31 151 
31 161 
0 91 
0 104 
0 9 
0 48 
0 152 
0 20 
135 90 
135 41 
135 19 
135 102 
135 183 
135 9 
