24 153 2
24 143 4
24 39 4
24 22 4
24 80 8
24 173 12
51 66 18
51 145 6
51 46 3
51 56 4
51 107 26
51 4 12
51 82 49
51 157 3
51 147 11
51 78 12
51 178 3
51 27 11
51 128 5
51 67 1
51 153 1
51 5 4
51 37 1
51 73 1
51 94 1
51 105 2
51 175 2
51 70 2
51 89 3
60 99 25
60 162 12
60 165 13
60 169 5
60 97 3
60 22 55
60 81 2
60 29 47
60 155 20
60 65 2
60 6 11
60 74 1
60 180 9
60 114 4
60 56 3
60 78 3
60 140 3
60 157 3
60 173 3
63 58 3524
63 146 3745
63 163 369
63 167 150
63 95 20
63 158 58
63 145 1078
63 148 642
63 33 58
63 109 79
63 112 2
63 93 4
63 79 4
63 27 188
63 82 148
63 65 2
63 140 51
63 67 17
63 38 18
63 11 4
63 147 10
63 124 8
63 94 16
63 6 118
63 98 9
63 51 87
63 107 138
63 89 7
63 34 472
63 73 201
63 46 2
63 96 2
63 126 3
63 129 3
63 178 2
63 12 61
63 21 1
63 72 1
63 85 1
63 133 1
63 136 33
63 9 1
63 144 2
63 103 5
63 170 5
63 181 5
66 128 287
66 51 33
66 153 35
66 82 35
66 147 48
66 67 33
66 27 14
66 178 49
66 112 17
66 78 16
66 105 14
66 56 9
66 4 24
66 53 4
66 146 3
66 107 7
66 154 4
66 46 11
66 96 3
66 126 6
66 140 6
66 157 3
66 57 6
66 123 5
66 163 5
92 9 144
92 38 110
92 123 10
92 145 57
92 65 462
92 81 6
92 155 44
92 96 6
92 112 28
92 162 5
92 27 6
92 114 6
92 169 4
92 58 9
92 160 20
92 29 15
92 172 29
92 50 6
92 133 2
92 33 1
92 12 4
92 110 1
92 165 3
92 75 8
92 17 20
99 60 18
99 91 3
99 155 21
99 165 4
99 140 3
99 22 48
99 6 39
99 50 24
99 126 5
99 29 7
99 78 8
99 70 5
99 162 1
124 95 162
124 103 202
124 158 11
124 167 8
124 98 212
124 25 19
124 177 22
124 113 138
124 23 2
124 108 4
124 170 5
124 8 6
124 151 15
124 63 1
137 56 14
137 105 3
137 97 24
137 60 4
137 114 6
137 175 7
137 22 3
137 141 7
140 56 34
140 78 2
140 82 87
140 157 2
140 173 6
140 148 23
140 46 12
140 93 201
140 126 183
140 118 88
140 132 27
140 164 34
140 47 118
140 59 52
140 176 55
140 143 31
140 62 63
140 120 24
140 19 14
140 65 4
140 27 8
140 4 7
140 58 27
140 63 19
140 145 17
140 146 17
140 163 27
140 84 4
140 153 4
140 167 18
140 115 4
140 6 7
140 114 6
140 161 6
145 27 14
145 51 22
145 57 47
145 58 66
145 82 6
145 105 6
145 107 6
145 111 4
145 146 43
145 147 4
145 163 88
145 128 4
145 112 203
145 38 106
145 96 24
145 110 4
145 155 6
145 65 30
145 114 24
145 50 6
145 123 45
145 92 10
145 95 4
145 11 2
145 63 40
145 2 2
145 175 2
145 169 2
145 157 4
145 46 2
145 126 2
145 129 2
145 140 2
145 178 2
163 27 76
163 94 151
163 128 18
163 109 46
163 63 750
163 146 1055
163 67 114
163 58 691
163 147 49
163 178 32
163 66 32
163 57 44
163 158 102
163 123 39
163 161 39
163 51 95
163 82 83
163 112 23
163 145 44
163 65 56
163 140 34
163 148 17
163 126 6
163 157 6
163 74 35
163 107 37
163 151 4
163 59 4
163 12 5
163 111 18
163 37 3
167 33 149
167 103 181
167 95 292
167 63 66
167 158 166
167 50 13
167 132 188
167 39 15
167 118 15
167 25 6
167 108 23
167 122 21
167 151 6
167 124 197
167 36 38
167 41 26
167 23 23
167 101 24
167 126 4
167 62 4
167 171 2
167 176 2
167 140 2
167 40 16
167 86 16
167 121 16
167 125 16
167 58 26
167 16 6
167 21 5
167 35 6
167 44 6
167 76 6
167 77 6
167 146 3
167 34 20
167 133 1
167 32 3
167 64 3
167 85 3
167 149 3
167 6 1
169 155 1117
169 110 908
169 114 1722
169 165 605
169 46 2
169 6 2
169 38 382
169 107 178
169 82 2
169 11 4
169 65 831
169 160 593
169 163 2
169 22 16
169 29 7
169 153 4
169 112 4
169 129 16
169 83 16
169 21 8
169 151 2
169 4 56
169 162 375
169 66 2
169 78 55
169 96 4
169 123 4
169 36 50
169 127 2
169 145 2
169 60 21
169 92 2
169 133 2
169 172 43
178 82 103
178 147 86
178 109 47
178 51 129
178 105 13
178 146 8
178 107 54
178 53 24
178 153 45
178 98 48
178 158 5
178 112 19
178 163 22
178 58 7
178 177 5
178 67 44
178 70 13
178 27 38
178 96 18
178 66 247
178 78 18
178 94 12
178 56 32
178 180 21
178 7 4
178 46 4
178 4 6
178 23 7
178 161 7
114 169 597
114 123 16
114 38 71
114 110 63
114 155 381
114 65 118
114 112 114
114 145 38
114 11 16
114 22 26
114 160 56
114 29 8
114 50 8
114 165 133
114 107 183
114 53 4
114 4 62
114 146 12
114 163 12
114 162 57
114 92 6
114 139 5
114 36 2
114 78 2
114 83 4
114 37 3
114 58 2
123 114 22
123 112 40
123 23 2
123 145 21
123 169 8
123 38 22
123 65 16
123 4 4
123 107 20
123 163 2
123 51 1
123 66 1
123 49 1
123 57 5
123 5 1
123 73 4
123 12 15
123 72 2
123 82 7
123 37 11
123 153 3
123 159 1
112 65 106
112 114 173
112 145 73
112 107 39
112 38 111
112 160 4
112 163 14
112 123 20
112 51 12
112 27 49
112 105 10
112 96 2
112 82 18
112 147 9
112 4 8
112 146 15
112 178 2
112 66 6
112 128 2
112 57 17
112 58 2
112 69 2
112 111 4
112 22 1
112 29 2
112 50 2
112 92 2
112 110 2
112 155 2
112 162 2
112 165 2
112 169 2
65 38 18
65 22 36
65 160 18
65 114 37
65 112 35
65 145 42
65 17 7
65 157 15
65 27 1
65 169 30
65 110 8
65 6 4
65 140 4
65 92 15
65 50 6
65 29 8
65 155 10
65 123 2
38 65 68
38 112 127
38 114 28
38 11 296
38 96 65
38 145 74
38 146 12
38 21 2
38 51 19
38 163 19
38 27 11
38 169 23
38 83 2
38 58 6
38 92 32
38 111 2
38 123 10
38 144 10
38 12 5
38 172 9
38 37 10
38 110 9
38 35 4
38 133 11
38 107 24
38 82 1
38 162 1
38 50 4
155 114 937
155 145 22
155 110 541
155 169 741
155 165 805
155 78 8
155 29 4
155 38 9
155 11 2
155 157 2
155 123 2
155 99 20
155 101 2
155 127 2
155 162 668
155 92 27
155 160 10
155 60 67
155 96 2
155 65 10
155 6 4
155 15 1
155 172 6
155 133 1
22 65 138
22 143 2
22 50 16
22 29 141
22 160 117
22 169 22
22 114 18
22 145 16
22 6 37
22 97 17
22 60 35
22 39 5
22 99 136
22 176 8
22 137 14
22 56 6
22 115 8
22 164 8
22 168 3
22 106 1
160 22 37
160 65 32
160 114 20
160 169 29
160 29 23
160 166 2
160 155 20
160 10 2
160 60 4
107 114 235
107 51 185
107 169 45
107 178 22
107 65 20
107 112 35
107 105 36
107 128 16
107 27 7
107 56 7
107 66 12
107 82 457
107 145 12
107 46 7
107 53 34
107 78 77
107 84 21
107 137 2
107 139 2
107 140 7
107 157 80
107 67 2
107 94 3
107 147 72
107 163 19
107 4 139
107 153 155
107 123 19
107 49 63
107 6 131
107 21 62
107 96 7
107 173 3
107 1 104
107 159 141
107 7 2
107 38 53
107 92 2
107 5 18
107 72 10
107 58 13
107 146 17
107 37 82
107 172 24
107 133 148
107 83 85
107 85 53
107 89 101
107 115 6
107 126 105
107 129 39
107 43 15
107 116 1
107 149 15
107 63 1
107 10 14
107 93 14
107 101 14
107 127 14
107 174 14
107 23 1
107 73 8
107 181 6
107 70 1
107 106 1
107 155 3
107 50 4
107 34 78
107 119 2
107 148 2
107 110 2
107 183 40
107 125 28
50 167 50
50 22 24
50 33 14
50 65 60
50 70 12
50 170 4
50 81 20
50 115 333
50 145 6
50 123 12
50 171 10
50 29 94
50 114 26
50 17 6
50 169 2
50 6 308
50 36 2
50 60 2
50 99 32
50 38 8
50 112 16
50 168 6
50 68 2
50 172 58
50 174 23
50 37 3
50 107 4
50 155 2
50 162 1
50 75 13
165 155 220
165 110 53
165 114 62
165 169 106
165 99 2
165 60 43
165 162 81
165 29 1
165 92 7
165 50 1
165 69 1
165 12 2
165 17 2
29 22 225
29 49 3
29 65 175
29 160 186
29 165 13
29 97 18
29 110 3
29 10 4
29 50 198
29 176 4
29 115 25
29 157 12
29 60 78
29 6 8
29 99 47
29 168 3
29 171 32
29 92 14
29 162 2
29 172 26
29 1 1
29 68 5
29 102 1
29 106 46
29 174 4
17 22 4
17 26 1
17 88 925
17 157 348
17 56 37
17 156 505
17 143 4
17 2 39
17 166 110
17 175 18
17 65 32
17 97 103
17 81 131
17 3 4
17 116 22
17 10 11
17 90 30
17 24 2
17 49 15
17 179 4
17 84 16
17 182 8
17 45 2
17 172 2
17 75 148
17 92 101
17 151 1
17 134 1
17 155 1
17 95 1
157 155 2
157 17 61
157 56 106
157 88 71
157 154 112
157 10 98
157 66 12
157 140 88
157 173 74
157 107 5
157 105 8
157 46 42
157 82 63
157 3 38
157 126 36
157 78 46
157 127 20
157 139 76
157 2 108
157 156 52
157 166 46
157 70 26
157 101 12
157 180 3
157 143 4
157 29 9
157 80 22
157 27 7
157 96 6
157 81 38
157 90 14
157 176 6
157 179 26
157 65 6
157 84 36
157 159 8
157 43 31
157 172 7
157 45 1
157 1 6
157 85 4
157 153 4
157 183 4
95 145 6
95 27 1
95 24 4
95 122 3
95 124 136
95 167 8
95 108 18
95 25 23
95 33 10
95 103 55
95 158 7
95 98 80
95 100 32
95 177 18
95 23 2
95 31 2
95 151 7
95 170 32
95 94 2
95 8 5
95 113 12
95 161 1
95 17 1
146 58 332
146 163 740
146 178 6
146 27 44
146 82 76
146 63 341
146 96 6
146 145 12
146 114 18
146 94 31
146 112 22
146 59 4
146 140 4
146 65 14
146 66 17
146 51 36
146 67 18
146 107 63
146 128 19
146 147 8
146 161 8
146 53 7
146 57 2
146 34 124
146 73 116
146 133 11
146 12 2
146 37 2
146 5 6
146 181 12
110 169 284
110 155 288
110 114 30
110 38 89
110 165 105
110 162 87
110 29 5
110 147 1
110 50 72
110 172 80
110 107 2
58 63 905
58 109 47
58 146 1260
58 163 977
58 145 193
58 27 193
58 82 153
58 178 5
58 148 81
58 96 28
58 112 16
58 53 5
58 56 3
58 140 95
58 38 87
58 65 85
58 93 70
58 126 70
58 158 38
58 107 52
58 51 42
58 167 3
58 6 1
58 157 1
58 114 4
58 12 1
58 37 1
39 118 852
39 141 463
39 167 10
39 173 50
39 70 25
39 116 4
39 139 18
39 61 6
39 24 14
39 26 12
39 22 8
39 62 10
39 68 21
39 1 5
39 75 15
39 134 2
39 130 27
39 15 12
39 126 1
39 14 1
153 52 40
153 66 25
153 26 17
153 36 20
153 39 27
153 87 12
153 90 50
153 132 4
153 141 19
153 167 4
153 82 138
153 60 12
153 143 20
153 24 16
153 51 57
153 62 23
153 171 7
153 107 195
153 46 3
153 105 29
153 27 117
153 147 30
153 67 20
153 128 65
153 61 11
153 163 4
153 6 3
153 178 6
153 114 6
153 4 24
153 133 1
153 183 53
153 72 8
153 5 6
153 37 6
153 57 6
153 73 11
153 94 8
153 151 12
153 161 6
153 74 1
153 1 18
153 7 16
153 10 16
153 18 16
153 21 16
153 32 16
153 40 16
153 41 16
153 43 16
153 45 16
153 47 16
153 49 20
153 53 16
153 54 16
153 64 16
153 68 19
153 70 16
153 75 16
153 76 16
153 77 16
153 78 16
153 80 16
153 85 16
153 86 16
153 89 16
153 93 16
153 100 16
153 101 16
153 102 16
153 106 16
153 116 16
153 121 16
153 125 16
153 127 16
153 130 16
153 138 16
153 149 16
153 156 16
153 157 18
153 159 20
153 175 16
153 126 2
153 38 1
153 181 3
33 158 353
33 98 48
33 167 927
33 169 6
33 95 430
33 108 51
33 103 76
33 151 136
33 170 27
33 122 6
33 124 19
33 63 25
33 23 146
33 161 45
33 177 22
33 115 9
33 50 10
33 58 6
33 109 6
33 146 6
33 163 6
33 25 16
33 38 2
33 57 18
33 112 2
33 114 2
33 37 3
33 8 7
33 12 6
33 92 1
98 178 19
98 95 20
98 103 131
98 124 245
98 31 3
98 158 10
98 151 7
98 177 18
98 72 4
98 33 7
98 170 24
98 25 15
98 113 248
98 128 1
98 23 7
98 108 18
98 8 22
98 161 1
11 155 23
11 38 73
11 96 22
11 112 45
11 27 17
11 51 14
11 65 42
11 145 37
11 163 14
11 169 16
11 46 3
11 56 3
11 70 3
11 78 3
11 114 36
11 129 3
11 140 3
11 153 3
11 157 3
11 173 3
11 22 19
11 50 19
11 92 19
11 123 19
11 160 19
11 165 14
11 29 6
11 162 6
82 84 65
82 51 176
82 66 46
82 107 215
82 27 267
82 96 156
82 147 108
82 112 29
82 83 46
82 6 37
82 21 22
82 46 54
82 56 54
82 78 178
82 140 63
82 157 70
82 173 35
82 178 14
82 16 27
82 146 13
82 105 9
82 153 25
82 65 4
82 70 37
82 36 4
82 67 7
82 163 6
82 4 30
82 126 51
82 58 6
82 49 19
82 54 9
82 93 19
82 125 19
82 149 19
82 159 45
82 94 12
82 61 1
82 120 1
82 179 19
82 23 2
82 57 2
82 74 2
82 128 2
82 151 2
82 161 5
82 53 34
82 129 34
82 1 23
82 2 18
82 3 10
82 10 18
82 17 18
82 18 18
82 30 18
82 32 18
82 39 18
82 40 18
82 47 18
82 59 10
82 62 18
82 64 18
82 75 18
82 76 18
82 79 18
82 86 18
82 88 18
82 97 18
82 101 18
82 116 18
82 118 18
82 119 19
82 127 18
82 132 18
82 137 10
82 139 10
82 143 10
82 148 18
82 154 10
82 156 18
82 164 10
82 166 10
82 175 18
82 176 18
82 9 8
82 43 8
82 45 8
82 89 14
82 102 8
82 106 8
82 136 8
82 182 8
82 85 5
82 133 38
82 183 2
82 37 8
82 5 3
82 72 1
82 181 4
82 123 4
151 161 74
151 153 9
151 169 2
151 98 21
151 177 385
151 158 36
151 23 84
151 67 1
151 33 69
151 73 1
151 113 3
151 95 1
151 8 12
151 31 1
151 124 11
151 103 25
151 170 3
151 108 2
143 140 17
143 24 12
143 47 4
143 164 8
143 150 60
143 62 12
143 59 8
143 176 27
143 171 3
143 19 4
143 17 4
143 126 4
143 118 4
16 93 48
16 84 29
16 82 23
16 6 23
16 47 17
16 118 9
16 126 22
16 140 6
16 164 6
16 96 5
16 138 11
16 125 7
16 149 12
16 132 2
16 85 3
16 83 17
16 49 7
16 116 2
16 64 1
16 62 10
16 120 4
16 19 12
16 32 3
53 178 3
53 4 2
53 107 3
53 82 5
53 183 4
53 7 6
53 133 1
53 72 1
158 151 100
158 161 151
158 33 134
158 58 51
158 98 47
158 108 128
158 146 61
158 163 150
158 167 103
158 170 102
158 25 13
158 95 14
158 103 38
158 124 18
158 23 65
158 109 3
158 114 6
158 63 26
158 107 3
158 177 14
158 73 4
158 34 1
109 178 22
109 58 81
109 63 54
109 163 68
109 146 21
109 157 2
109 107 1
177 151 244
177 158 13
177 161 7
177 167 1
177 23 28
177 25 6
177 95 7
177 103 31
177 124 6
177 98 36
177 33 6
177 113 3
177 8 2
177 170 6
46 153 4
46 107 7
46 66 27
46 27 4
46 51 16
46 56 12
46 140 12
46 78 6
46 82 24
46 10 4
46 76 4
46 64 13
46 16 7
46 32 7
141 39 183
141 90 147
141 49 27
141 118 126
141 3 8
141 26 110
141 61 63
141 60 10
141 97 4
141 41 33
141 137 10
141 132 3
141 116 12
141 59 15
141 176 15
67 53 7
67 74 13
67 23 5
67 51 5
67 107 5
67 147 13
67 151 2
67 163 1
67 27 7
67 114 8
67 115 8
67 128 8
67 5 4
67 37 4
67 57 4
67 72 4
67 73 4
67 82 4
67 89 4
67 94 8
67 146 4
67 153 4
67 161 4
67 4 1
67 6 1
67 33 1
67 34 1
67 133 1
67 158 1
139 66 11
139 78 28
139 101 8
139 107 11
139 156 4
139 39 6
139 126 4
139 176 4
139 157 8
139 114 6
139 10 5
105 23 8
105 46 3
105 56 3
105 66 72
105 67 32
105 78 16
105 82 193
105 94 32
105 107 183
105 153 21
105 157 40
105 167 3
105 173 3
105 178 10
105 27 40
105 112 10
105 53 8
105 128 118
105 4 41
105 57 28
105 147 28
105 161 46
105 163 21
105 114 6
105 123 6
105 169 38
105 51 108
105 146 4
105 72 1
105 96 1
105 181 22
105 5 7
105 37 42
105 69 10
105 73 8
105 151 5
105 85 54
105 183 4
105 159 65
105 62 33
105 89 58
105 34 3
105 133 60
105 1 57
105 6 41
105 21 57
105 38 41
105 83 57
105 125 50
105 126 57
105 129 57
105 172 41
105 0 32
105 2 32
105 15 32
105 16 32
105 19 32
105 20 32
105 30 32
105 32 32
105 35 32
105 39 32
105 40 32
105 43 32
105 47 32
105 48 32
105 49 32
105 54 32
105 55 32
105 61 32
105 64 32
105 80 32
105 84 32
105 88 32
105 93 32
105 101 32
105 106 32
105 110 32
105 118 32
105 127 32
105 136 32
105 149 32
105 152 32
105 179 32
88 17 57
96 38 8
96 112 8
96 145 2
96 82 76
96 178 12
96 18 3
96 153 3
96 27 8
96 58 17
96 146 5
96 107 45
96 53 2
96 79 6
96 86 5
96 46 10
96 30 2
96 4 3
96 125 1
96 105 2
96 9 1
27 51 110
27 112 244
27 145 14
27 66 110
27 82 769
27 153 86
27 96 236
27 178 33
27 157 55
27 163 60
27 128 41
27 6 45
27 7 8
27 147 146
27 58 117
27 146 82
27 56 55
27 70 8
27 129 8
27 140 59
27 173 34
27 123 8
27 78 34
27 67 51
27 38 4
27 94 42
27 84 19
27 21 7
27 46 7
27 83 11
27 107 33
27 57 7
27 154 3
27 23 2
27 161 6
27 63 2
176 24 3
176 114 2
176 169 4
176 59 39
176 143 18
176 126 52
176 116 9
176 62 18
176 118 24
176 120 6
176 46 4
176 93 14
176 167 10
176 47 6
176 132 9
176 140 6
176 164 6
176 99 8
176 134 1
176 102 1
176 39 1
176 49 2
40 169 2
40 18 1
40 121 3
40 125 2
166 17 6
166 160 15
78 80 74
78 66 55
78 82 162
78 127 216
78 105 53
78 36 151
78 4 107
78 67 8
78 147 8
78 178 12
78 167 6
78 65 4
78 51 47
78 107 18
78 140 8
78 101 43
78 139 12
78 46 11
78 56 8
78 157 11
78 70 8
78 41 54
78 96 7
78 84 4
78 154 4
78 99 79
78 168 19
78 5 9
78 1 7
78 89 1
78 159 6
78 133 1
78 2 2
78 45 2
78 10 1
78 43 2
78 126 4
78 49 3
47 62 10
47 126 9
47 118 4
47 164 1
47 61 2
125 83 12
125 18 8
125 96 4
125 149 4
125 64 9
125 133 3
125 85 2
125 40 2
97 29 12
97 56 11
97 22 10
97 137 4
97 60 1
97 106 1
97 116 1
97 54 1
97 75 1
156 114 6
156 17 16
156 101 22
156 157 26
156 36 2
7 27 32
7 161 5
7 96 4
7 178 3
7 32 1
7 76 2
7 94 2
7 21 2
7 149 2
7 53 9
90 26 6
90 141 19
90 97 3
90 61 49
90 41 94
90 157 24
90 17 9
90 130 119
90 14 69
90 2 7
90 10 4
90 43 6
90 45 4
90 81 5
90 84 6
90 88 6
90 179 6
90 182 8
90 93 44
90 176 50
90 47 38
90 62 51
90 89 52
90 102 46
90 118 50
90 126 81
90 136 40
90 120 38
90 6 2
90 16 2
90 115 16
90 119 2
90 148 2
90 174 2
90 183 2
90 159 8
90 1 2
90 15 2
90 39 2
90 49 2
90 54 2
80 7 3
80 24 4
80 157 16
80 81 2
80 41 6
80 49 6
80 56 6
80 93 3
80 116 3
80 139 3
80 140 6
80 36 94
80 78 52
80 101 51
80 127 90
80 45 1
80 4 37
80 10 8
80 84 2
80 179 12
80 72 6
80 82 12
147 178 3
147 153 49
147 82 38
147 27 32
147 145 6
147 112 2
147 51 58
147 57 10
147 66 11
147 128 13
147 158 1
147 163 1
147 5 4
147 74 2
147 183 1
147 72 1
147 94 3
147 107 14
147 37 5
147 181 2
147 4 2
4 114 43
4 107 41
4 169 7
4 51 30
4 78 29
4 26 3
4 82 15
4 96 1
4 153 1
4 1 6
4 5 6
4 6 5
4 21 5
4 53 7
4 85 7
4 89 5
4 105 6
4 127 17
4 157 11
4 159 5
4 80 14
4 41 23
4 101 14
4 45 1
4 70 4
4 10 6
4 84 6
4 179 6
4 181 1
74 51 104
74 67 7
74 105 111
74 27 64
74 57 95
74 66 6
74 82 80
74 94 97
74 107 80
74 128 91
74 147 94
74 163 6
74 177 1
74 23 18
74 151 18
74 161 92
74 4 1
74 146 15
74 5 85
74 37 88
74 69 140
74 73 91
74 72 14
74 89 14
74 153 18
74 78 1
74 181 33
74 123 4
128 53 12
128 107 77
128 51 60
128 105 34
128 66 605
128 153 36
128 27 25
128 113 55
128 4 3
128 112 3
128 82 21
128 178 10
128 67 10
128 147 21
128 163 28
128 23 3
128 94 22
128 161 11
128 5 32
128 37 8
128 57 7
128 69 14
128 73 11
128 74 14
118 24 12
118 39 375
118 141 100
118 140 28
118 19 42
118 47 27
118 59 21
118 62 146
118 126 68
118 164 25
118 176 68
118 148 6
118 143 22
118 90 11
118 167 77
118 61 18
118 93 10
118 132 10
118 120 17
118 41 8
118 134 9
118 16 2
118 119 1
118 174 2
118 116 1
118 130 2
118 102 1
26 141 183
26 90 100
26 56 8
26 167 4
26 61 216
26 36 4
26 41 26
26 80 5
26 126 4
26 115 4
26 171 4
126 66 7
126 132 338
126 56 8
126 140 102
126 148 29
126 118 364
126 47 261
126 62 344
126 59 73
126 93 377
126 19 4
126 139 4
126 176 373
126 164 35
126 82 48
126 143 38
126 6 287
126 115 6
126 167 28
126 65 4
126 78 19
126 101 4
126 26 4
126 107 8
126 119 14
126 99 12
126 89 276
126 102 309
126 136 333
126 61 296
126 120 312
126 134 281
126 1 9
126 39 49
126 75 1
126 129 5
126 16 8
126 157 10
126 172 11
126 49 1
126 116 2
126 159 29
126 90 31
126 83 1
126 130 6
126 179 1
126 85 1
56 46 4
56 109 7
56 26 3
56 66 7
56 137 3
56 90 8
56 65 7
56 49 32
56 126 4
56 154 4
56 82 33
56 84 4
56 140 15
56 3 25
56 97 7
56 157 15
56 78 4
56 60 4
56 175 4
56 116 8
56 107 10
56 22 6
59 176 56
59 118 4
59 140 28
59 143 20
59 164 4
59 126 28
59 2 8
59 19 4
59 6 4
59 132 4
3 118 4
3 140 8
3 56 4
148 119 10
148 63 11
148 82 1
148 30 1
148 129 1
148 126 2
86 64 7
86 32 34
86 77 4
86 121 1
41 36 223
41 167 30
41 80 196
41 26 23
41 90 55
41 141 3
41 78 168
41 127 152
41 101 134
41 14 8
41 130 14
41 4 5
103 124 90
103 95 51
103 98 124
103 33 48
103 167 39
103 25 14
103 108 43
103 158 33
103 170 29
103 113 13
103 23 3
103 177 45
103 8 14
103 151 12
36 169 2
36 41 80
36 167 24
36 80 40
36 127 22
36 101 12
36 78 48
36 49 11
36 15 4
36 134 17
36 4 2
36 82 2
175 56 12
175 97 7
175 94 2
175 51 3
175 82 6
113 128 4
113 98 124
113 124 26
113 151 30
113 170 14
113 177 9
113 8 34
113 100 8
113 103 17
113 25 1
113 95 5
115 50 184
115 22 4
115 171 47
115 6 187
115 99 3
115 126 43
115 140 5
115 62 41
115 167 2
115 47 29
115 164 5
115 174 132
115 34 6
115 134 1
115 90 2
70 157 10
70 173 19
70 50 2
70 39 18
70 27 4
70 51 8
70 67 4
70 82 23
70 22 6
70 99 4
70 1 36
70 107 3
70 15 6
70 43 19
70 68 9
70 75 6
70 94 3
70 101 1
70 172 4
162 114 195
162 155 530
162 165 313
162 169 284
162 60 141
162 99 3
162 140 4
162 168 2
162 110 96
162 172 18
162 29 6
162 106 7
162 38 27
162 92 26
162 50 20
162 133 33
162 30 20
162 21 10
162 53 10
162 85 10
162 183 10
162 17 4
154 157 3
154 66 17
154 107 4
154 27 4
154 80 4
154 10 3
25 95 16
25 124 48
25 167 6
25 98 83
25 103 14
25 108 58
25 158 40
25 177 2
25 113 17
25 8 4
25 170 3
6 46 6
6 22 16
6 115 98
6 99 24
6 27 6
6 50 131
6 63 50
6 126 29
6 140 2
6 82 17
6 26 3
6 171 1
6 168 2
6 107 18
6 59 3
6 113 1
6 136 7
6 89 6
6 174 11
6 149 3
6 16 1
6 84 4
6 93 3
6 34 2
6 102 1
6 176 1
6 1 1
6 78 1
6 157 1
6 159 1
32 64 65
32 77 125
32 86 126
32 100 94
32 7 41
32 121 9
32 44 19
32 16 7
32 149 5
32 35 11
32 21 4
32 38 1
32 133 2
32 28 1
32 85 1
19 148 3
19 59 3
19 83 2
19 84 2
19 9 1
180 46 3
180 56 3
180 70 3
180 78 3
180 82 3
180 96 3
180 140 3
180 157 3
180 173 3
180 178 30
180 80 8
180 49 12
180 120 2
180 99 2
116 10 13
116 39 15
116 46 3
116 47 13
116 56 3
116 59 3
116 118 13
116 126 13
116 139 3
116 157 11
116 164 3
116 176 16
116 97 12
116 141 3
116 49 8
116 159 22
116 54 5
116 16 1
116 130 1
101 139 12
101 78 51
101 41 10
101 140 28
101 153 18
101 167 18
101 46 12
101 56 8
101 82 8
101 107 8
101 157 8
101 80 22
101 127 18
101 126 3
101 4 7
101 36 2
101 134 5
171 50 27
171 115 48
171 29 8
171 62 45
171 174 37
171 6 1
171 134 7
81 10 6
81 17 30
81 157 12
81 50 14
81 88 4
81 80 3
81 180 3
57 67 7
57 94 13
57 145 15
57 112 15
57 69 197
57 123 8
57 113 1
57 33 12
57 74 3
57 163 1
57 37 14
57 12 9
57 51 3
57 23 6
57 161 6
84 82 33
84 4 1
84 78 5
84 83 7
84 116 1
84 157 32
84 16 4
84 127 5
84 90 4
84 85 1
84 179 11
84 10 17
84 6 4
84 49 4
84 80 4
84 93 4
84 149 4
84 2 1
84 43 9
84 45 1
84 81 1
84 88 4
84 159 1
2 144 90
2 157 4
2 154 47
2 10 4
2 17 4
2 88 4
2 139 4
2 156 4
2 166 4
2 43 1
2 50 1
48 79 6
48 91 4
48 9 12
48 55 9
48 131 3
48 152 6
48 20 1
48 13 2
23 151 41
23 95 2
23 98 2
23 103 2
23 124 2
23 170 2
23 177 2
23 33 7
23 161 23
23 158 6
23 51 4
23 94 2
161 163 12
161 151 52
161 177 10
161 51 11
161 158 58
161 23 61
161 4 2
161 56 2
161 96 2
161 153 2
161 157 2
161 7 4
161 67 6
161 82 19
161 178 9
161 33 24
161 95 4
161 66 24
161 98 11
161 103 8
161 128 9
161 124 3
161 147 6
161 94 7
161 73 1
161 57 6
161 108 2
161 113 2
132 167 23
132 3 3
132 26 3
132 36 23
132 39 20
132 41 20
132 47 20
132 59 3
132 61 20
132 62 22
132 90 3
132 93 21
132 118 20
132 120 21
132 126 31
132 140 3
132 141 3
132 143 3
132 164 3
132 176 22
132 119 20
132 16 2
132 134 3
132 136 18
132 148 18
132 6 17
132 45 17
132 54 17
132 89 17
132 99 17
132 101 17
132 102 17
132 130 17
132 157 17
132 159 17
13 30 144
13 79 22
13 131 4
13 104 118
13 142 14
13 91 114
13 119 12
13 129 9
13 148 6
13 55 49
13 9 41
79 131 3
79 152 3
79 142 3
79 91 9
79 32 5
79 125 1
79 148 2
79 38 3
79 99 1
91 30 98
91 79 8
91 119 96
91 129 72
91 142 81
91 99 4
91 13 125
91 48 16
91 148 68
91 9 154
91 131 12
91 152 8
91 55 24
91 104 68
91 183 2
91 20 2
62 47 18
62 93 11
62 118 9
62 126 19
62 164 3
62 176 9
62 140 6
62 26 2
62 167 2
62 180 1
62 132 1
62 148 2
62 171 2
62 90 1
62 82 7
62 159 8
55 131 3
55 13 15
55 30 8
55 104 5
55 91 3
55 9 3
55 48 4
142 79 3
142 131 6
142 91 6
142 148 1
142 55 4
142 104 1
108 33 25
108 103 28
108 167 12
108 158 259
108 170 6
108 25 86
108 98 65
108 177 2
108 124 24
108 23 9
108 8 5
108 151 5
108 161 4
108 113 22
76 16 8
76 53 1
76 85 1
76 149 1
76 133 2
100 77 5
100 32 32
100 7 1
100 86 1
100 95 45
100 98 4
100 113 2
100 25 2
77 100 3
77 32 8
77 86 6
77 44 2
77 35 2
77 7 1
49 65 2
49 107 19
49 130 1
49 159 4
49 36 7
49 93 1
49 97 1
127 78 10
127 80 13
127 101 3
127 43 3
127 99 1
120 140 12
120 62 9
120 132 2
120 126 5
120 93 14
120 180 4
120 15 3
120 61 1
120 68 1
120 89 1
120 134 4
120 136 7
120 90 8
120 49 1
120 176 2
83 82 11
83 19 22
83 84 2
83 126 1
83 42 1
83 16 13
83 5 2
83 159 1
83 107 2
83 51 1
131 13 4
131 104 3
131 9 2
93 107 1
93 82 6
93 72 1
93 126 5
93 89 8
93 120 2
93 49 1
93 61 2
93 159 2
93 90 1
93 134 2
30 91 22
30 13 56
30 55 5
30 9 20
30 119 3
30 129 19
30 142 8
30 148 3
30 183 2
173 82 4
173 65 2
1 39 20
1 68 15
1 70 11
1 82 17
1 75 7
1 107 6
1 88 2
1 43 3
1 15 7
1 157 2
1 159 2
104 13 5
104 30 1
104 9 6
104 91 1
104 55 5
9 92 32
9 20 217
9 48 221
9 91 307
9 131 5
9 152 220
9 13 22
9 104 10
9 83 4
9 55 17
9 121 2
9 30 10
9 119 2
9 129 4
9 142 4
9 0 38
134 58 1
134 167 34
134 132 37
134 39 8
134 118 7
134 119 4
134 171 9
134 62 5
134 36 15
134 34 1
134 115 1
134 174 4
134 47 3
134 61 2
134 89 2
134 93 6
134 102 3
134 120 5
134 126 5
134 136 3
134 176 3
134 127 3
134 101 7
134 75 9
134 17 1
134 148 1
94 67 2
94 1 8
94 4 8
94 5 11
94 6 8
94 7 10
94 15 8
94 19 8
94 21 8
94 23 11
94 27 11
94 32 8
94 34 8
94 36 8
94 41 8
94 42 8
94 51 13
94 53 8
94 57 13
94 61 8
94 62 8
94 69 8
94 73 18
94 78 8
94 82 11
94 83 8
94 85 8
94 86 8
94 89 12
94 90 8
94 102 8
94 107 11
94 115 8
94 118 8
94 120 8
94 126 8
94 128 11
94 129 8
94 130 8
94 131 8
94 132 8
94 133 8
94 134 8
94 147 11
94 151 11
94 153 12
94 157 8
94 159 8
94 161 11
94 179 8
94 183 8
94 72 4
94 146 10
94 37 4
94 123 1
159 82 38
159 157 15
159 1 16
159 49 24
159 116 4
159 54 19
159 97 3
159 106 17
159 175 3
159 45 1
159 78 6
159 126 17
159 172 3
159 51 4
159 107 4
159 133 7
159 14 6
159 105 4
159 89 4
159 123 1
159 62 1
168 6 3
168 22 2
168 119 2
168 29 2
168 136 2
168 15 2
168 65 1
168 160 1
168 36 1
168 126 1
168 50 6
68 39 8
68 1 6
68 50 1
68 15 2
68 172 4
149 96 12
15 120 1
15 36 2
15 1 7
15 39 6
15 70 1
15 75 5
15 68 1
64 16 4
64 125 4
64 76 4
64 32 2
64 121 1
89 58 1
89 126 19
89 82 11
89 63 1
89 93 16
89 62 3
89 118 5
89 120 22
89 47 2
89 157 7
89 136 13
89 6 2
89 159 3
89 54 5
89 12 2
89 102 2
89 176 1
89 1 5
89 51 3
89 36 3
89 90 1
75 39 6
75 1 4
75 22 1
75 50 2
75 92 1
75 17 9
75 134 2
130 61 8
130 14 152
130 39 22
130 49 7
130 97 1
130 41 71
130 90 116
130 118 4
130 132 1
130 116 4
130 159 2
130 2 7
130 17 15
130 43 15
130 45 15
130 81 15
130 84 18
130 88 15
130 157 15
130 179 15
130 182 15
130 10 15
130 126 15
130 89 2
130 172 4
130 148 3
138 7 4
138 77 4
138 100 4
138 35 9
61 130 1
61 6 1
61 47 9
61 118 6
61 126 10
61 62 1
10 45 7
10 81 4
10 156 4
10 157 4
10 179 4
10 84 1
10 101 2
129 119 5
129 133 2
129 21 1
129 126 2
129 93 2
133 64 20
133 85 84
133 125 21
133 149 48
133 82 86
133 21 81
133 16 10
133 159 24
133 72 1
133 129 2
133 76 1
133 53 16
133 151 2
133 107 78
133 183 38
133 32 5
133 167 3
133 58 2
133 146 3
133 78 2
133 121 10
133 134 1
133 34 19
133 147 4
133 38 32
133 92 1
133 35 6
133 162 4
133 51 32
133 83 4
133 4 12
133 105 5
133 37 2
85 4 2
85 133 8
85 21 11
85 32 6
85 159 24
85 51 2
85 16 1
85 49 2
85 125 12
85 1 6
85 53 6
85 82 7
85 89 6
85 126 6
85 157 6
85 40 7
85 37 1
85 149 1
5 4 2
5 67 5
5 51 35
5 147 23
5 78 3
5 107 16
5 128 53
5 82 17
5 83 1
5 37 8
5 94 2
5 73 2
5 72 2
72 67 1
72 51 8
72 5 8
72 98 2
72 74 2
72 107 9
72 133 1
72 169 1
72 153 1
72 73 3
72 82 8
72 93 1
72 147 3
72 4 4
72 123 2
72 161 1
72 57 2
72 178 1
72 53 1
69 57 48
69 8 2
69 12 2
69 22 2
69 38 2
69 112 2
69 123 2
69 172 2
69 165 3
35 7 6
35 44 10
35 77 5
35 138 1
35 21 6
35 76 3
35 149 2
45 10 5
45 78 1
45 80 1
45 43 3
45 84 4
45 159 2
8 27 2
8 65 4
8 112 4
8 33 20
8 98 87
8 170 66
8 113 34
8 103 38
8 108 11
8 124 23
8 151 2
8 95 1
121 40 95
121 18 24
121 86 6
121 32 5
121 9 2
121 148 3
121 13 1
121 133 3
121 64 6
121 183 1
119 89 1
119 93 1
119 126 3
119 132 1
119 129 2
119 148 1
44 35 2
12 38 4
12 172 4
12 58 1
12 37 36
12 63 6
12 163 2
12 123 6
12 34 2
12 33 1
12 57 12
12 146 4
12 73 3
12 82 5
12 107 5
12 147 5
152 9 17
152 30 4
152 91 10
152 20 14
152 48 14
152 0 6
136 89 18
136 126 43
136 93 15
136 102 23
136 132 6
136 6 42
136 63 24
136 118 13
136 61 2
136 120 22
136 99 13
136 82 1
136 47 15
136 62 15
136 176 12
136 172 5
136 73 1
172 50 18
172 12 1
172 29 3
172 38 13
172 92 6
172 37 17
172 126 2
172 147 3
172 107 11
172 106 2
172 151 2
20 9 2
20 13 1
20 0 2
20 55 2
37 12 29
37 38 26
37 50 9
37 92 9
37 123 14
37 155 8
37 172 24
37 29 6
37 110 6
37 162 6
37 165 6
37 169 6
37 27 2
37 51 4
37 82 8
37 8 5
37 57 3
37 73 2
37 74 1
37 33 1
37 107 11
37 69 2
37 105 2
37 34 1
37 85 1
34 107 58
34 146 429
34 12 77
34 27 16
34 37 30
34 51 6
34 63 274
34 73 58
34 82 34
34 167 5
34 38 34
34 133 44
34 72 2
34 158 2
34 134 2
34 181 4
34 144 5
34 30 2
34 21 6
34 28 12
34 172 1
73 146 45
73 94 53
73 34 17
73 57 42
73 63 14
73 27 9
73 51 58
73 82 15
73 107 17
73 161 13
73 133 1
73 72 3
73 158 1
73 5 4
73 37 11
73 128 8
73 147 12
73 123 3
73 153 1
73 89 1
73 181 5
73 105 14
73 38 1
73 12 3
183 28 2
183 82 13
183 107 5
183 133 19
183 153 20
183 21 5
183 85 2
183 149 2
183 15 1
183 41 1
183 38 8
183 49 5
183 53 1
183 162 2
183 30 4
183 32 2
183 90 4
183 83 3
14 130 56
14 90 5
14 159 12
14 41 3
14 172 6
28 107 7
28 133 14
28 153 6
28 183 31
28 121 1
28 32 8
28 34 7
28 83 1
21 149 7
21 7 6
21 76 6
21 133 16
21 34 3
18 32 2
18 86 2
18 40 5
18 121 9
18 64 4
174 62 23
174 115 40
174 171 28
174 6 13
174 50 16
174 47 1
174 29 1
174 134 2
170 177 8
170 98 24
170 113 3
170 158 14
170 33 1
170 100 2
170 25 7
170 8 18
170 124 5
170 103 8
106 29 23
106 49 4
106 107 2
106 43 2
182 90 2
182 17 1
182 94 2
182 136 1
43 1 7
43 70 5
43 78 8
43 51 3
43 82 9
43 157 5
43 107 4
43 45 1
43 175 2
43 127 4
43 84 6
43 10 2
43 159 2
102 47 7
102 62 7
102 118 7
102 136 7
102 176 8
102 126 4
102 90 1
102 6 3
102 99 3
179 84 5
179 43 2
179 49 1
179 80 5
179 36 3
179 136 1
181 107 1
181 51 2
181 82 3
181 147 2
181 153 4
181 146 1
54 51 2
54 49 2
144 34 5
144 63 2
31 151 5
31 161 4
0 9 23
0 91 2
0 152 4
0 48 2
0 20 4
0 104 1
135 41 24
135 9 2
135 90 2
135 102 1
135 19 6
135 183 2
